AlertState:
  DefconStartTime: 2023-05-08 18:10:40.021447
  DefconState: 4
LastCheckedState:
  CheckStateDateTime: 2023-05-10 15:20:28.089899
  LastAcknowledgedDatetime: 2023-05-10 14:33:59.713510
  LastRecordedErrorState: NoError
NextEscalationDateTime: 2023-05-08 19:10:40.021447
