AlertState:
  DefconStartTime: 2023-05-10 17:58:24.867168
  DefconState: 4
LastCheckedState:
  CheckStateDateTime: 2023-05-10 17:58:36.934217
  LastAcknowledgedDatetime: 2023-05-10 14:33:59.713510
  LastRecordedErrorState: NoError
NextEscalationDateTime: 2023-05-10 18:58:24.867168
