AlertState:
  DefconStartTime: 2023-04-14 16:53:21.793253
  DefconState: 3
LastCheckedState:
  CheckStateDateTime: 2023-04-14 16:53:29.918742
  LastAcknowledgedDatetime: 2023-04-13 16:06:45.835969
  LastRecordedErrorState: Error
NextEscalationDateTime: 2023-04-14 17:53:21.793253
